2VV5A       286      XRAY        3.450    0.29    0.31	3
1R3JC       124      XRAY        1.900    0.21    0.23	3
1LGHB        45      XRAY        2.400    0.21    0.23	1
2YIUB       263      XRAY        2.700    0.24    0.29	1
2ZXEG        74      XRAY        2.400    0.25    0.27	1
1WPGA       994      XRAY        2.300    0.23    0.24	10
3KLYA       280      XRAY        2.100    0.18    0.21	7
2ZXEA      1028      XRAY        2.400    0.25    0.27	11
3QNQA       442      XRAY        3.290    0.23    0.26	10
4DW1A       340      XRAY        2.800    0.21    0.25	2
3ODUA       502      XRAY        2.500    0.24    0.28	7
1V55C       261      XRAY        1.900    0.20    0.23	7
2XQUA        82      XRAY        1.840    0.19    0.22	2
3GIAA       444      XRAY        2.320    0.20    0.23	12
1ORSC       132      XRAY        1.900    0.23    0.25	5
3P03A       566      XRAY        3.350    0.25    0.30	12
3MK7B       203      XRAY        3.200    0.19    0.22	1
2JLNA       501      XRAY        2.850    0.24    0.28	12
1M56D        51      XRAY        2.300    0.24    0.28	1
1DXRL       273      XRAY        2.000    0.19    0.22	5
2BL2A       156      XRAY        2.100    0.19    0.20	4
3OAXA       349      XRAY        2.600    0.22    0.26	7
3NE5A      1054      XRAY        2.900    0.23    0.27	12
2R6GF       514      XRAY        2.800    0.24    0.27	8
3ARCZ        62      XRAY        1.900    0.17    0.20	2
3CX5I        65      XRAY        1.900    0.24    0.26	1
3RKOK       100      XRAY        3.000    0.23    0.28	3
2YDVA       325      XRAY        2.600    0.23    0.26	7
1V55I        73      XRAY        1.900    0.20    0.23	1
3CX5D       248      XRAY        1.900    0.24    0.26	1
1V55M        46      XRAY        1.900    0.20    0.23	1
2BS2C       256      XRAY        1.780    0.23    0.24	5
2VPZC       253      XRAY        2.400    0.25    0.25	8
1OTSA       465      XRAY        2.510    0.26    0.30	14
1PP9J        62      XRAY        2.100    0.25    0.29	1
3O0RC       146      XRAY        2.700    0.19    0.25	1
3H90A       283      XRAY        2.900    0.26    0.28	6
3HD6A       490      XRAY        2.100    0.17    0.20	12
3O7QA       438      XRAY        3.140    0.22    0.27	12
2E74C       289      XRAY        3.000    0.23    0.27	1
2BHWA       232      XRAY        2.500    0.22    0.24	3
3LDCA        82      XRAY        1.450    0.19    0.20	2
3FB5B       212      XRAY        2.800    0.24    0.25	2
2E74A       215      XRAY        3.000    0.23    0.27	4
4A2NB       194      XRAY        3.400    0.24    0.28	5
3ZUYA       323      XRAY        2.200    0.21    0.24	8
2QKSA       321      XRAY        2.200    0.23    0.26	3
3RCEA       724      XRAY        3.400    0.24    0.27	13
1JB0L       154      XRAY        2.500    0.20    0.22	3
3MP7B        61      XRAY        2.900    0.28    0.32	1
3QE7A       429      XRAY        2.780    0.25    0.30	14
3QF4B       598      XRAY        2.900    0.22    0.26	6
1LDFA       281      XRAY        2.100    0.23    0.24	8
1PP9G        81      XRAY        2.100    0.25    0.29	1
2W2EA       279      XRAY        1.150    0.14    0.17	8
3ARCE        83      XRAY        1.900    0.17    0.20	1
3RKON       485      XRAY        3.000    0.23    0.28	15
3ND0A       466      XRAY        3.200    0.24    0.27	14
1V55B       227      XRAY        1.900    0.20    0.23	2
1Q16C       225      XRAY        1.900    0.20    0.23	5
2Z73A       448      XRAY        2.500    0.19    0.21	7
3GD8A       223      XRAY        1.800    0.16    0.17	8
3OUFA        97      XRAY        1.550    0.20    0.21	3
3BZ1y        46      XRAY        2.900    0.25    0.29	1
3LLQA       256      XRAY        2.010    0.18    0.22	8
2VL0A       321      XRAY        3.300    0.26    0.27	4
3RFRB       252      XRAY        2.680    0.25    0.28	6
2QTSA       438      XRAY        1.900    0.21    0.23	2
2NQ2A       337      XRAY        2.400    0.22    0.26	10
1V55G        85      XRAY        1.900    0.20    0.23	1
3RVYA       285      XRAY        2.700    0.27    0.27	6
1KQFC       217      XRAY        1.600    0.18    0.20	4
1JB0J        41      XRAY        2.500    0.20    0.22	1
3L1LA       445      XRAY        3.000    0.22    0.28	12
3MK7A       474      XRAY        3.200    0.19    0.22	13
3DH4A       530      XRAY        2.700    0.27    0.29	15
1XIOA       261      XRAY        2.000    0.23    0.26	7
3V5UA       320      XRAY        1.900    0.19    0.21	10
3ARCA       344      XRAY        1.900    0.17    0.20	5
3B9WA       407      XRAY        1.300    0.15    0.17	11
3RHWA       347      XRAY        3.260    0.24    0.27	4
3ARCC       455      XRAY        1.900    0.17    0.20	6
1V55K        56      XRAY        1.900    0.20    0.23	1
1YQ3C       141      XRAY        2.200    0.17    0.22	3
4EA3A       434      XRAY        3.010    0.25    0.29	7
2A65A       519      XRAY        1.650    0.20    0.22	14
1DXRM       323      XRAY        2.000    0.19    0.22	5
1RH5C        53      XRAY        3.200    0.24    0.29	1
3MK7C       311      XRAY        3.200    0.19    0.22	2
1Q90R        49      XRAY        3.100    0.22    0.26	1
3BEHA       355      XRAY        3.100    0.28    0.29	7
2R9RB       514      XRAY        2.400    0.21    0.24	7
3UG9A       333      XRAY        2.300    0.21    0.25	7
3D31C       295      XRAY        3.000    0.25    0.28	6
3CX5H        93      XRAY        1.900    0.24    0.26	1
3QF4A       587      XRAY        2.900    0.22    0.26	6
3M73A       314      XRAY        1.150    0.14    0.15	10
1NKZA        53      XRAY        2.000    0.17    0.19	1
1V55D       147      XRAY        1.900    0.20    0.23	1
2WLJA       301      XRAY        2.600    0.22    0.24	2
2R6GG       296      XRAY        2.800    0.24    0.27	6
2GFPA       375      XRAY        3.500    0.28    0.35	12
3C02A       258      XRAY        2.050    0.18    0.20	8
2F2BA       246      XRAY        1.680    0.18    0.19	8
1H2SB        60      XRAY        1.930    0.23    0.26	2
1OKCA       297      XRAY        2.200    0.22    0.27	6
3NOCA      1049      XRAY        2.700    0.24    0.27	12
3FB5A       219      XRAY        2.800    0.24    0.25	2
3RFUA       736      XRAY        3.200    0.24    0.26	8
3K3FA       340      XRAY        2.300    0.18    0.20	10
3O0RB       465      XRAY        2.700    0.19    0.25	12
2ZXEB       305      XRAY        2.400    0.25    0.27	1
3CX5C       385      XRAY        1.900    0.24    0.26	8
2B2FA       399      XRAY        1.720    0.18    0.20	11
3RKOA       147      XRAY        3.000    0.23    0.28	3
2E74B       160      XRAY        3.000    0.23    0.27	3
3UKMA       280      XRAY        3.400    0.27    0.28	6
1LGHA        56      XRAY        2.400    0.21    0.23	1
2ZJSY       434      XRAY        3.200    0.25    0.28	10
3RLBA       192      XRAY        2.000    0.21    0.23	6
1DXRH       258      XRAY        2.000    0.19    0.22	1
3AQPA       741      XRAY        3.300    0.30    0.32	12
3ORGA       632      XRAY        3.500    0.26    0.28	14
1JB0A       755      XRAY        2.500    0.20    0.22	11
2Y02A       315      XRAY        2.600    0.23    0.27	7
1JB0F       164      XRAY        2.500    0.20    0.22	1
1EHKA       562      XRAY        2.400    0.22    0.26	13
2XOKK        76      XRAY        3.010    0.21    0.25	2
1JB0K        83      XRAY        2.500    0.20    0.22	2
1V55J        59      XRAY        1.900    0.20    0.23	1
1H2SA       225      XRAY        1.930    0.23    0.26	7
3TIJA       424      XRAY        2.440    0.20    0.23	9
3EAMA       317      XRAY        2.900    0.20    0.23	4
2QI9A       326      XRAY        2.600    0.26    0.28	11
3DDLA       273      XRAY        1.900    0.25    0.27	7
1V55L        47      XRAY        1.900    0.20    0.23	1
2ZUQA       176      XRAY        3.300    0.28    0.35	4
3RKOM       509      XRAY        3.000    0.23    0.28	14
4A01A       766      XRAY        2.350    0.17    0.20	16
2XOWA       179      XRAY        2.090    0.20    0.24	6
3B4RB       224      XRAY        3.300    0.25    0.32	6
3AM6A       229      XRAY        3.200    0.29    0.32	7
3RKOL       613      XRAY        3.000    0.23    0.28	18
1L0LK        56      XRAY        2.350    0.26    0.31	1
1NEKC       129      XRAY        2.600    0.25    0.29	3
3TUIA       217      XRAY        2.900    0.24    0.30	5
3MP7A       482      XRAY        2.900    0.28    0.32	10
1M56B       264      XRAY        2.300    0.24    0.28	2
2HYDA       578      XRAY        3.000    0.26    0.27	6
1E12A       253      XRAY        1.800    0.24    0.26	7
3RFRC       256      XRAY        2.680    0.25    0.28	5
3CX5E       185      XRAY        1.900    0.24    0.26	1
2YL4A       595      XRAY        2.850    0.22    0.25	6
3TDPA       257      XRAY        2.990    0.19    0.24	6
2ZJSE        60      XRAY        3.200    0.25    0.28	1
2NWLA       422      XRAY        2.960    0.24    0.27	14
3ARCF        44      XRAY        1.900    0.17    0.20	1
1NEKD       115      XRAY        2.600    0.25    0.29	3
3RFRE       419      XRAY        2.680    0.25    0.28	2
1NKZB        41      XRAY        2.000    0.17    0.19	1
1V55A       514      XRAY        1.900    0.20    0.23	12
2YVXA       473      XRAY        3.500    0.29    0.34	5
1M0LA       262      XRAY        1.470    0.15    0.18	7
1KQFB       294      XRAY        1.600    0.18    0.20	1
2X2VA        69      XRAY        2.500    0.19    0.23	2
3AYFA       800      XRAY        2.500    0.24    0.28	14
3RKOJ       184      XRAY        3.000    0.23    0.28	5
1PW4A       451      XRAY        3.300    0.30    0.33	12
2CFQA       417      XRAY        2.950    0.26    0.30	12
3ARCH        65      XRAY        1.900    0.17    0.20	1
2WSWA       509      XRAY        2.290    0.21    0.23	14
1U7GA       385      XRAY        1.400    0.14    0.17	11
3ARCB       504      XRAY        1.900    0.17    0.20	6
1KF6C       130      XRAY        2.700    0.23    0.28	3
2E74D       179      XRAY        3.000    0.23    0.27	1
3ARCJ        40      XRAY        1.900    0.17    0.20	1
3BZ1X        50      XRAY        2.900    0.25    0.29	1
1KF6D       119      XRAY        2.700    0.23    0.28	3
1YQ3D       103      XRAY        2.200    0.17    0.22	3
3ARCD       342      XRAY        1.900    0.17    0.20	5
1EHKB       168      XRAY        2.400    0.22    0.26	1
2UUHA       156      XRAY        2.150    0.18    0.22	4
1P49A       562      XRAY        2.600    0.25    0.30	2
